# X-column, Y-column
# 
0.000000000000000000e+00 5.074241353293033052e-01
5.000000000000000104e-03 8.647719224384566861e-01
1.000000000000000021e-02 9.209443121008213939e-01
1.499999999999999944e-02 4.979982388804904403e-01
2.000000000000000042e-02 4.677831567812289482e-01
2.500000000000000139e-02 6.832083240107253985e-01
2.999999999999999889e-02 9.096634155397365085e-02
3.500000000000000333e-02 8.793527467631858663e-01
4.000000000000000083e-02 1.808452149828549960e-01
4.499999999999999833e-02 3.835719172999092486e-01
5.000000000000000278e-02 6.010282323924335257e-01
5.500000000000000028e-02 8.820409074213104716e-01
5.999999999999999778e-02 1.525767021432536952e-01
6.500000000000000222e-02 3.269229559810760133e-01
7.000000000000000666e-02 6.413956252052575024e-01
7.499999999999999722e-02 3.356566774044233981e-02
8.000000000000000167e-02 9.671369205269008118e-01
8.500000000000000611e-02 8.498853864349015241e-01
8.999999999999999667e-02 1.331118516854017386e-01
9.500000000000000111e-02 9.530925127424308974e-01
1.000000000000000056e-01 6.334794391860240070e-01
1.049999999999999961e-01 1.083856949742036946e-01
1.100000000000000006e-01 2.143198900347914604e-01
1.150000000000000050e-01 3.378291149978893682e-01
1.199999999999999956e-01 3.223230842020706755e-01
1.250000000000000000e-01 8.064889593449041660e-01
1.300000000000000044e-01 6.369999104296008019e-01
1.350000000000000089e-01 7.908492978260318607e-01
1.400000000000000133e-01 7.410486001788737509e-01
1.449999999999999900e-01 1.077716830198471865e-01
1.499999999999999944e-01 3.572376788780265988e-01
1.549999999999999989e-01 2.666978104213294509e-01
1.600000000000000033e-01 3.921211457177629089e-01
1.650000000000000078e-01 7.439724896855393066e-02
1.700000000000000122e-01 5.968365578230970803e-01
1.750000000000000167e-01 1.936441221782434496e-01
1.799999999999999933e-01 4.104916693909914649e-01
1.849999999999999978e-01 2.208080001865809772e-01
1.900000000000000022e-01 2.012069617902154661e-01
1.950000000000000067e-01 4.059675607223679483e-01
2.000000000000000111e-01 3.195637664557658963e-01
2.050000000000000155e-01 2.164667454776003641e-02
2.099999999999999922e-01 1.434844815279874286e-01
2.149999999999999967e-01 1.035390765996668794e-01
2.200000000000000011e-01 1.054659963148590895e-01
2.250000000000000056e-01 1.600011010831086100e-01
2.300000000000000100e-01 5.561584256297011919e-01
2.350000000000000144e-01 3.997225440492097048e-01
2.399999999999999911e-01 9.757346381653053680e-02
2.449999999999999956e-01 4.470485469151096458e-01
2.500000000000000000e-01 6.210864670854561176e-01
2.550000000000000044e-01 7.206547104606971788e-01
2.600000000000000089e-01 9.277420078075140353e-01
2.650000000000000133e-01 2.572267291960119717e-01
2.700000000000000178e-01 3.912112882477032372e-01
2.750000000000000222e-01 5.721157443302484769e-01
2.800000000000000266e-01 1.030469976137438071e-02
2.850000000000000311e-01 5.391271969903579375e-01
2.899999999999999800e-01 5.487904887006644916e-02
2.949999999999999845e-01 6.873685612804467659e-01
2.999999999999999889e-01 2.842282544082108675e-01
3.049999999999999933e-01 4.783871151803079647e-01
3.099999999999999978e-01 8.143876303399331107e-01
3.150000000000000022e-01 5.795154800112500837e-03
3.200000000000000067e-01 2.555361131746278769e-01
3.250000000000000111e-01 8.774115670541247081e-01
3.300000000000000155e-01 3.281827648852712054e-01
3.350000000000000200e-01 6.593239479866139785e-01
3.400000000000000244e-01 4.462717068795387654e-01
3.450000000000000289e-01 7.302015408914256378e-01
3.500000000000000333e-01 8.062556005571530626e-01
3.549999999999999822e-01 9.435017799071782063e-01
3.599999999999999867e-01 3.108009960241661096e-01
3.649999999999999911e-01 8.265159660476504300e-01
3.699999999999999956e-01 2.242886972596770390e-01
3.750000000000000000e-01 9.752572495233651217e-01
3.800000000000000044e-01 2.323639442835632174e-01
3.850000000000000089e-01 5.022147162033013812e-01
3.900000000000000133e-01 7.411706369724042620e-01
3.950000000000000178e-01 5.210971748907623491e-01
4.000000000000000222e-01 9.912667218905465427e-01
4.050000000000000266e-01 6.088550982435305681e-01
4.100000000000000311e-01 7.885061216543359786e-01
4.150000000000000355e-01 5.023818405788901265e-01
4.199999999999999845e-01 8.383130229381685616e-02
4.249999999999999889e-01 8.407867831711866025e-01
4.299999999999999933e-01 6.362728417379546197e-01
4.349999999999999978e-01 8.655016657008649528e-01
4.400000000000000022e-01 8.876606303963141542e-03
4.450000000000000067e-01 5.448514738838092786e-01
4.500000000000000111e-01 4.946287095017326552e-01
4.550000000000000155e-01 7.330179180611856582e-01
4.600000000000000200e-01 3.793720030343832317e-01
4.650000000000000244e-01 3.898371786940810768e-01
4.700000000000000289e-01 2.777275379902481856e-01
4.750000000000000333e-01 7.326120221582822500e-01
4.799999999999999822e-01 6.296754121784986502e-03
4.849999999999999867e-01 9.272046783059153530e-01
4.899999999999999911e-01 2.655070570074524738e-02
4.949999999999999956e-01 6.657381510086898269e-01
5.000000000000000000e-01 1.281074747488026855e-01
5.050000000000000044e-01 2.666191370505840430e-01
5.100000000000000089e-01 1.568413568128484981e-01
5.150000000000000133e-01 6.441223787544292367e-01
5.200000000000000178e-01 1.043089943173656220e-01
5.250000000000000222e-01 1.963028378247814176e-01
5.300000000000000266e-01 1.640799923397747717e-01
5.350000000000000311e-01 1.642183712527559569e-01
5.400000000000000355e-01 9.571354812322662164e-01
5.450000000000000400e-01 2.761662523183731066e-01
5.500000000000000444e-01 4.952876215274157889e-01
5.550000000000000488e-01 1.812589243990758714e-01
5.600000000000000533e-01 4.046382525005480790e-01
5.650000000000000577e-01 4.402879168267270771e-01
5.700000000000000622e-01 5.274355926384844961e-01
5.750000000000000666e-01 7.268136827621951568e-01
5.799999999999999600e-01 5.243126792168665284e-01
5.849999999999999645e-01 8.055769696133650015e-01
5.899999999999999689e-01 8.458792229705076604e-01
5.949999999999999734e-01 7.985683696016743216e-01
5.999999999999999778e-01 9.867034271607548757e-01
6.049999999999999822e-01 1.667431412945047375e-01
6.099999999999999867e-01 5.727204630755696746e-01
6.149999999999999911e-01 9.502260263379257443e-01
6.199999999999999956e-01 2.139306932822766516e-01
6.250000000000000000e-01 5.317035494034785259e-01
6.300000000000000044e-01 1.029477061064812959e-01
6.350000000000000089e-01 1.799841033209893526e-01
6.400000000000000133e-01 9.031652483084351424e-01
6.450000000000000178e-01 2.775135989971523331e-01
6.500000000000000222e-01 4.139625887807039106e-01
6.550000000000000266e-01 9.533737955313003054e-01
6.600000000000000311e-01 8.448178709212283977e-01
6.650000000000000355e-01 1.923864878059977634e-01
6.700000000000000400e-01 9.429251903522974931e-01
6.750000000000000444e-01 2.353947041141302154e-02
6.800000000000000488e-01 8.996765002357886010e-01
6.850000000000000533e-01 6.606911074406868201e-01
6.900000000000000577e-01 5.429587037193956967e-01
6.950000000000000622e-01 1.399766474215262679e-01
7.000000000000000666e-01 3.992009006185835984e-01
7.049999999999999600e-01 1.927421377915151668e-01
7.099999999999999645e-01 5.471092005071620523e-01
7.149999999999999689e-01 3.880328757695949982e-02
7.199999999999999734e-01 6.118166007535926765e-01
7.249999999999999778e-01 8.742654502447241294e-01
7.299999999999999822e-01 9.985782865894881066e-01
7.349999999999999867e-01 2.380865099858675560e-01
7.399999999999999911e-01 8.066621461146963323e-01
7.449999999999999956e-01 7.858353662743613466e-01
7.500000000000000000e-01 3.012699837995223007e-01
7.550000000000000044e-01 3.685403099094471946e-01
7.600000000000000089e-01 9.406495400522680850e-01
7.650000000000000133e-01 6.336629806117157759e-01
7.700000000000000178e-01 9.099466684808278361e-01
7.750000000000000222e-01 1.090216961777661364e-01
7.800000000000000266e-01 4.402258385965991394e-01
7.850000000000000311e-01 6.401481575872388641e-01
7.900000000000000355e-01 7.476921891831748157e-01
7.950000000000000400e-01 5.824741474783252659e-01
8.000000000000000444e-01 3.345284082246361423e-01
8.050000000000000488e-01 7.805507915902777372e-01
8.100000000000000533e-01 6.497516480664581318e-01
8.150000000000000577e-01 4.321703386920623391e-01
8.200000000000000622e-01 4.598425423313847737e-01
8.250000000000000666e-01 9.596818729420512062e-01
8.300000000000000711e-01 8.125528104703818588e-01
8.349999999999999645e-01 7.162930403751506248e-01
8.399999999999999689e-01 2.635079804877381582e-01
8.449999999999999734e-01 2.884086757701265213e-01
8.499999999999999778e-01 5.612873014368232605e-01
8.549999999999999822e-01 1.316144927090628913e-01
8.599999999999999867e-01 5.981241921561317731e-01
8.649999999999999911e-01 9.715492294197414225e-01
8.699999999999999956e-01 1.477160979517302408e-01
8.750000000000000000e-01 8.046984684022292500e-01
8.800000000000000044e-01 9.158155927321902645e-01
8.850000000000000089e-01 8.478076817619866201e-01
8.900000000000000133e-01 6.346605921291618158e-01
8.950000000000000178e-01 3.853864089925349568e-01
9.000000000000000222e-01 9.824132148367125117e-01
9.050000000000000266e-01 8.465578447039642240e-01
9.100000000000000311e-01 4.294964733548043423e-01
9.150000000000000355e-01 3.500088832029873975e-01
9.200000000000000400e-01 4.381460324890744662e-01
9.250000000000000444e-01 6.567206978936506179e-01
9.300000000000000488e-01 1.363836784498948518e-01
9.350000000000000533e-01 4.024427075094868522e-01
9.400000000000000577e-01 5.213294765451935708e-01
9.450000000000000622e-01 9.679143862675808618e-01
9.500000000000000666e-01 2.726725967751759683e-01
9.550000000000000711e-01 2.566070376856290913e-01
9.599999999999999645e-01 3.942451845777228403e-02
9.649999999999999689e-01 9.446976564287742351e-01
9.699999999999999734e-01 2.525441344417719280e-01
9.749999999999999778e-01 7.064516593412971668e-01
9.799999999999999822e-01 4.437738408390314859e-01
9.849999999999999867e-01 5.681947753555749436e-01
9.899999999999999911e-01 9.998705279347522845e-01
9.949999999999999956e-01 7.807594730069763456e-01
1.000000000000000000e+00 6.060962397296916215e-01
